              precision    recall  f1-score   support

           0       0.99      1.00      0.99      1000
           1       0.99      0.99      0.99      3135
           2       0.99      0.98      0.98      3032
           3       0.98      0.98      0.98      3010
           4       0.99      0.99      0.99      2982
           5       0.99      0.99      0.99      2892
           6       0.99      0.99      0.99      2958
           7       0.99      1.00      0.99      3028
           8       0.99      1.00      1.00      2974
           9       0.99      0.98      0.99      3009

    accuracy                           0.99     28020
   macro avg       0.99      0.99      0.99     28020
weighted avg       0.99      0.99      0.99     28020
